epoch,learning rate,loss_function,optimizer,batch_size,Val accuracy,Test accuracy
57,0.001,BCELoss(),AdamW,4,0.5736111111111111,0.6083333333333333
57,0.001,BCELoss(),AdamW,8,0.5763888888888888,0.6055555555555555
59,0.001,BCELoss(),AdamW,16,0.5847222222222223,0.5944444444444444
58,0.001,BCELoss(),AdamW,32,0.5722222222222222,0.5986111111111111
59,0.001,BCELoss(),AdamW,64,0.5541666666666667,0.5611111111111111
52,0.001,BCELoss(),Adam,4,0.5,0.5
56,0.001,BCELoss(),Adam,8,0.5638888888888889,0.5819444444444445
57,0.001,BCELoss(),Adam,16,0.5875,0.6069444444444444
58,0.001,BCELoss(),Adam,32,0.5902777777777778,0.6041666666666666
58,0.001,BCELoss(),Adam,64,0.5319444444444444,0.5652777777777778
56,0.001,MSELoss(),AdamW,4,0.5458333333333333,0.5708333333333333
57,0.001,MSELoss(),AdamW,8,0.5805555555555556,0.6125
57,0.001,MSELoss(),AdamW,16,0.5652777777777778,0.5930555555555556
62,0.001,MSELoss(),AdamW,32,0.5652777777777778,0.6055555555555555
58,0.001,MSELoss(),AdamW,64,0.5347222222222222,0.5680555555555555
56,0.001,MSELoss(),Adam,4,0.5708333333333333,0.6152777777777778
60,0.001,MSELoss(),Adam,8,0.5902777777777778,0.6208333333333333
57,0.001,MSELoss(),Adam,16,0.5902777777777778,0.6083333333333333
56,0.001,MSELoss(),Adam,32,0.5736111111111111,0.6222222222222222
62,0.001,MSELoss(),Adam,64,0.5638888888888889,0.5819444444444445
64,0.0001,BCELoss(),AdamW,4,0.575,0.6125
74,0.0001,BCELoss(),AdamW,8,0.5791666666666667,0.6055555555555555
73,0.0001,BCELoss(),AdamW,16,0.5777777777777777,0.6
84,0.0001,BCELoss(),AdamW,32,0.5763888888888888,0.6166666666666667
87,0.0001,BCELoss(),AdamW,64,0.5791666666666667,0.6041666666666666
65,0.0001,BCELoss(),Adam,4,0.5930555555555556,0.6083333333333333
69,0.0001,BCELoss(),Adam,8,0.5763888888888888,0.6125
70,0.0001,BCELoss(),Adam,16,0.5833333333333334,0.6152777777777778
84,0.0001,BCELoss(),Adam,32,0.5736111111111111,0.6125
93,0.0001,BCELoss(),Adam,64,0.5736111111111111,0.6069444444444444
66,0.0001,MSELoss(),AdamW,4,0.5736111111111111,0.6194444444444445
70,0.0001,MSELoss(),AdamW,8,0.5736111111111111,0.6125
76,0.0001,MSELoss(),AdamW,16,0.5819444444444445,0.6111111111111112
88,0.0001,MSELoss(),AdamW,32,0.5777777777777777,0.6083333333333333
96,0.0001,MSELoss(),AdamW,64,0.575,0.6111111111111112
66,0.0001,MSELoss(),Adam,4,0.5736111111111111,0.6069444444444444
65,0.0001,MSELoss(),Adam,8,0.5791666666666667,0.6125
76,0.0001,MSELoss(),Adam,16,0.5722222222222222,0.6180555555555556
82,0.0001,MSELoss(),Adam,32,0.5791666666666667,0.6111111111111112
88,0.0001,MSELoss(),Adam,64,0.5694444444444444,0.6
78,5e-05,BCELoss(),AdamW,4,0.5916666666666667,0.6069444444444444
80,5e-05,BCELoss(),AdamW,8,0.575,0.6194444444444445
96,5e-05,BCELoss(),AdamW,16,0.575,0.6111111111111112
104,5e-05,BCELoss(),AdamW,32,0.5763888888888888,0.6083333333333333
135,5e-05,BCELoss(),AdamW,64,0.5777777777777777,0.6055555555555555
71,5e-05,BCELoss(),Adam,4,0.5847222222222223,0.6055555555555555
82,5e-05,BCELoss(),Adam,8,0.5847222222222223,0.6166666666666667
93,5e-05,BCELoss(),Adam,16,0.5875,0.6083333333333333
103,5e-05,BCELoss(),Adam,32,0.5819444444444445,0.6138888888888889
134,5e-05,BCELoss(),Adam,64,0.5819444444444445,0.6125
79,5e-05,MSELoss(),AdamW,4,0.5847222222222223,0.6083333333333333
81,5e-05,MSELoss(),AdamW,8,0.5888888888888889,0.6125
97,5e-05,MSELoss(),AdamW,16,0.5847222222222223,0.6152777777777778
104,5e-05,MSELoss(),AdamW,32,0.575,0.6111111111111112
134,5e-05,MSELoss(),AdamW,64,0.5791666666666667,0.6125
79,5e-05,MSELoss(),Adam,4,0.575,0.6111111111111112
87,5e-05,MSELoss(),Adam,8,0.5777777777777777,0.6152777777777778
89,5e-05,MSELoss(),Adam,16,0.5763888888888888,0.6138888888888889
113,5e-05,MSELoss(),Adam,32,0.5722222222222222,0.6125
126,5e-05,MSELoss(),Adam,64,0.5763888888888888,0.6152777777777778
160,1e-05,BCELoss(),AdamW,4,0.5819444444444445,0.6083333333333333
228,1e-05,BCELoss(),AdamW,8,0.5833333333333334,0.6152777777777778
265,1e-05,BCELoss(),AdamW,16,0.5819444444444445,0.6125
352,1e-05,BCELoss(),AdamW,32,0.5833333333333334,0.6055555555555555
58,1e-05,BCELoss(),AdamW,64,0.5,0.5
177,1e-05,BCELoss(),Adam,4,0.5805555555555556,0.6166666666666667
212,1e-05,BCELoss(),Adam,8,0.5888888888888889,0.6180555555555556
273,1e-05,BCELoss(),Adam,16,0.5888888888888889,0.6180555555555556
365,1e-05,BCELoss(),Adam,32,0.5916666666666667,0.6166666666666667
487,1e-05,BCELoss(),Adam,64,0.5847222222222223,0.6083333333333333
168,1e-05,MSELoss(),AdamW,4,0.5861111111111111,0.6125
205,1e-05,MSELoss(),AdamW,8,0.575,0.6097222222222223
275,1e-05,MSELoss(),AdamW,16,0.5930555555555556,0.6138888888888889
359,1e-05,MSELoss(),AdamW,32,0.5902777777777778,0.6138888888888889
428,1e-05,MSELoss(),AdamW,64,0.575,0.6069444444444444
182,1e-05,MSELoss(),Adam,4,0.5833333333333334,0.6069444444444444
200,1e-05,MSELoss(),Adam,8,0.5875,0.6111111111111112
301,1e-05,MSELoss(),Adam,16,0.5888888888888889,0.6097222222222223
321,1e-05,MSELoss(),Adam,32,0.5777777777777777,0.6125
51,1e-05,MSELoss(),Adam,64,0.5,0.5
288,5e-06,BCELoss(),AdamW,4,0.5875,0.6180555555555556
363,5e-06,BCELoss(),AdamW,8,0.5861111111111111,0.6097222222222223
527,5e-06,BCELoss(),AdamW,16,0.5847222222222223,0.6138888888888889
770,5e-06,BCELoss(),AdamW,32,0.5819444444444445,0.6125
51,5e-06,BCELoss(),AdamW,64,0.5,0.5
297,5e-06,BCELoss(),Adam,4,0.5861111111111111,0.6111111111111112
384,5e-06,BCELoss(),Adam,8,0.5791666666666667,0.6125
540,5e-06,BCELoss(),Adam,16,0.5847222222222223,0.6097222222222223
695,5e-06,BCELoss(),Adam,32,0.5847222222222223,0.6027777777777777
846,5e-06,BCELoss(),Adam,64,0.575,0.6083333333333333
314,5e-06,MSELoss(),AdamW,4,0.5916666666666667,0.6069444444444444
368,5e-06,MSELoss(),AdamW,8,0.5861111111111111,0.6138888888888889
514,5e-06,MSELoss(),AdamW,16,0.5847222222222223,0.6083333333333333
663,5e-06,MSELoss(),AdamW,32,0.5916666666666667,0.6152777777777778
835,5e-06,MSELoss(),AdamW,64,0.5791666666666667,0.6083333333333333
279,5e-06,MSELoss(),Adam,4,0.5888888888888889,0.6069444444444444
395,5e-06,MSELoss(),Adam,8,0.5861111111111111,0.6097222222222223
509,5e-06,MSELoss(),Adam,16,0.5902777777777778,0.6138888888888889
595,5e-06,MSELoss(),Adam,32,0.5722222222222222,0.6013888888888889
59,5e-06,MSELoss(),Adam,64,0.4986111111111111,0.5
1000,1e-06,BCELoss(),AdamW,4,0.6,0.6041666666666666
1000,1e-06,BCELoss(),AdamW,8,0.5791666666666667,0.5972222222222222
1000,1e-06,BCELoss(),AdamW,16,0.5833333333333334,0.5791666666666667
1000,1e-06,BCELoss(),AdamW,32,0.5541666666666667,0.5916666666666667
1000,1e-06,BCELoss(),AdamW,64,0.5388888888888889,0.5930555555555556
1000,1e-06,BCELoss(),Adam,4,0.5972222222222222,0.5972222222222222
1000,1e-06,BCELoss(),Adam,8,0.5805555555555556,0.6166666666666667
1000,1e-06,BCELoss(),Adam,16,0.5861111111111111,0.5972222222222222
1000,1e-06,BCELoss(),Adam,32,0.5791666666666667,0.5763888888888888
1000,1e-06,BCELoss(),Adam,64,0.5777777777777777,0.5819444444444445
1000,1e-06,MSELoss(),AdamW,4,0.5875,0.6055555555555555
1000,1e-06,MSELoss(),AdamW,8,0.5847222222222223,0.6
1000,1e-06,MSELoss(),AdamW,16,0.5638888888888889,0.5930555555555556
1000,1e-06,MSELoss(),AdamW,32,0.5875,0.5847222222222223
330,1e-06,MSELoss(),AdamW,64,0.525,0.5777777777777777
1000,1e-06,MSELoss(),Adam,4,0.5888888888888889,0.6125
1000,1e-06,MSELoss(),Adam,8,0.5777777777777777,0.6069444444444444
1000,1e-06,MSELoss(),Adam,16,0.5805555555555556,0.5875
1000,1e-06,MSELoss(),Adam,32,0.5722222222222222,0.6083333333333333
53,1e-06,MSELoss(),Adam,64,0.525,0.5166666666666667
